Multiple size <= 100
TEST 1 ARG:85 63 76 12 88 2 89 6 48 5 62 35 57 15 93 99 39 46 36 11 69 42 45 44 74 3 70 68 26 24 79 21 83 10 8 43 60 81 41 38 91 55 61 82 31 72 58 27 65 20 19 54 52 4 17 30 53 28 64 84 59 33 40 22 14 92 56 86 37 0 67 7 80 32 9 98 90 23 75 66 25 49 1 95 47 51 50 34 29 78 97 94 73 13 77 71 16 96 18 87
TEST 1 ARG:85 63 76 12 88 2 89 6 48 5 62 35 57 15 93 99 39 46 36 11 69 42 45 44 74 3 70 68 26 24 79 21 83 10 8 43 60 81 41 38 91 55 61 82 31 72 58 27 65 20 19 54 52 4 17 30 53 28 64 84 59 33 40 22 14 92 56 86 37 0 67 7 80 32 9 98 90 23 75 66 25 49 1 95 47 51 50 34 29 78 97 94 73 13 77 71 16 96 18 87
TEST 2 ARG:79 90 48 16 6 75 87 65 91 72 83 93 43 15 12 47 28 35 36 53 11 32 55 21 60 33 5 13 10 58 77 94 70 22 39 74 1 99 57 61 4 54 68 71 78 2 0 50 51 46 17 63 19 26 98 69 41 56 86 34 44 84 8 64 85 95 96 24 18 92 76 38 23 27 80 42 30 25 67 29 89 62 45 9 20 82 49 88 37 14 66 40 97 73 59 31 81 7 3 52
TEST 2 ARG:79 90 48 16 6 75 87 65 91 72 83 93 43 15 12 47 28 35 36 53 11 32 55 21 60 33 5 13 10 58 77 94 70 22 39 74 1 99 57 61 4 54 68 71 78 2 0 50 51 46 17 63 19 26 98 69 41 56 86 34 44 84 8 64 85 95 96 24 18 92 76 38 23 27 80 42 30 25 67 29 89 62 45 9 20 82 49 88 37 14 66 40 97 73 59 31 81 7 3 52
TEST 3 ARG:43 23 83 7 22 11 28 49 10 81 52 91 54 64 21 80 15 94 98 85 20 4 41 13 45 84 99 17 90 67 88 86 47 73 33 61 74 16 5 79 96 12 18 6 32 95 63 8 78 42 68 56 60 57 97 89 3 50 92 77 31 37 71 1 48 72 26 76 39 9 65 36 19 38 44 35 0 82 69 93 75 55 30 58 2 25 70 53 46 59 51 14 62 87 27 34 66 40 24 29
TEST 3 ARG:43 23 83 7 22 11 28 49 10 81 52 91 54 64 21 80 15 94 98 85 20 4 41 13 45 84 99 17 90 67 88 86 47 73 33 61 74 16 5 79 96 12 18 6 32 95 63 8 78 42 68 56 60 57 97 89 3 50 92 77 31 37 71 1 48 72 26 76 39 9 65 36 19 38 44 35 0 82 69 93 75 55 30 58 2 25 70 53 46 59 51 14 62 87 27 34 66 40 24 29
TEST 4 ARG:1 5 20 62 18 39 89 93 94 54 79 0 67 81 17 34 99 69 50 16 8 68 51 6 15 71 28 9 95 80 72 35 19 70 10 91 87 53 14 46 57 84 78 25 7 74 21 30 38 66 97 36 64 31 83 24 40 96 11 41 32 27 37 3 60 77 2 26 88 73 75 98 49 47 61 29 52 4 58 23 56 59 12 55 76 82 13 86 92 85 65 63 22 42 43 44 33 45 48 90
TEST 5 ARG:74 99 0 26 57 20 76 23 65 84 36 79 33 6 49 17 8 71 55 96 95 32 31 60 91 44 81 42 40 52 68 14 5 41 85 78 62 63 15 50 58 11 89 19 93 69 48 70 61 21 67 90 1 88 87 51 53 3 16 43 2 97 64 10 25 46 39 38 59 7 86 28 34 18 54 72 92 98 94 24 9 47 37 27 73 13 75 35 30 66 83 77 56 45 22 4 12 80 29 82
TEST 5 ARG:74 99 0 26 57 20 76 23 65 84 36 79 33 6 49 17 8 71 55 96 95 32 31 60 91 44 81 42 40 52 68 14 5 41 85 78 62 63 15 50 58 11 89 19 93 69 48 70 61 21 67 90 1 88 87 51 53 3 16 43 2 97 64 10 25 46 39 38 59 7 86 28 34 18 54 72 92 98 94 24 9 47 37 27 73 13 75 35 30 66 83 77 56 45 22 4 12 80 29 82
TEST 6 ARG:61 40 15 72 58 39 36 76 12 63 55 8 34 45 46 41 75 49 31 80 9 3 18 5 95 71 30 56 89 86 38 42 77 65 70 51 81 69 90 22 64 47 16 78 48 94 74 54 83 68 29 53 60 7 21 19 97 10 92 88 93 28 11 25 84 27 32 96 33 87 35 43 50 59 26 14 1 0 85 6 91 99 98 23 82 37 20 17 44 66 13 79 57 52 73 24 62 67 2 4
TEST 6 ARG:61 40 15 72 58 39 36 76 12 63 55 8 34 45 46 41 75 49 31 80 9 3 18 5 95 71 30 56 89 86 38 42 77 65 70 51 81 69 90 22 64 47 16 78 48 94 74 54 83 68 29 53 60 7 21 19 97 10 92 88 93 28 11 25 84 27 32 96 33 87 35 43 50 59 26 14 1 0 85 6 91 99 98 23 82 37 20 17 44 66 13 79 57 52 73 24 62 67 2 4
TEST 7 ARG:74 81 24 48 10 67 57 85 66 56 18 60 12 96 29 36 16 32 17 69 65 93 79 9 3 39 7 86 25 37 59 5 30 19 46 43 31 61 34 33 49 53 28 13 72 27 4 15 8 22 2 75 26 45 38 63 50 89 54 47 76 73 23 20 99 55 78 21 71 84 97 35 44 52 98 40 80 70 88 0 58 87 83 68 94 6 92 42 41 51 90 77 14 82 95 62 64 11 1 91
TEST 7 ARG:74 81 24 48 10 67 57 85 66 56 18 60 12 96 29 36 16 32 17 69 65 93 79 9 3 39 7 86 25 37 59 5 30 19 46 43 31 61 34 33 49 53 28 13 72 27 4 15 8 22 2 75 26 45 38 63 50 89 54 47 76 73 23 20 99 55 78 21 71 84 97 35 44 52 98 40 80 70 88 0 58 87 83 68 94 6 92 42 41 51 90 77 14 82 95 62 64 11 1 91
TEST 8 ARG:36 60 86 39 56 64 98 66 70 71 15 57 37 28 19 0 85 83 13 32 44 46 10 29 25 9 47 16 33 31 20 35 99 61 52 30 41 94 95 78 80 45 34 59 38 1 72 12 82 69 67 92 58 48 54 5 90 75 88 50 53 89 4 24 3 27 87 43 91 26 76 79 55 18 93 77 14 21 73 40 23 7 81 49 17 22 63 84 62 74 11 65 42 68 8 97 51 6 2 96
TEST 9 ARG:65 73 23 25 63 89 37 98 58 68 74 41 12 78 32 80 0 17 79 7 69 29 14 42 21 36 47 18 48 44 81 77 6 64 99 71 62 20 38 13 85 51 61 86 35 28 57 34 1 56 91 22 95 19 54 90 93 49 16 26 33 9 92 50 3 46 70 96 55 59 43 87 4 2 10 53 84 88 72 8 94 15 40 76 82 31 30 27 52 97 5 67 24 83 11 45 66 39 75 60
TEST 9 ARG:65 73 23 25 63 89 37 98 58 68 74 41 12 78 32 80 0 17 79 7 69 29 14 42 21 36 47 18 48 44 81 77 6 64 99 71 62 20 38 13 85 51 61 86 35 28 57 34 1 56 91 22 95 19 54 90 93 49 16 26 33 9 92 50 3 46 70 96 55 59 43 87 4 2 10 53 84 88 72 8 94 15 40 76 82 31 30 27 52 97 5 67 24 83 11 45 66 39 75 60
TEST 10 ARG:69 52 48 20 84 62 67 41 75 23 30 83 77 91 44 56 37 85 61 6 72 60 66 90 8 4 53 99 22 5 80 49 2 39 25 73 19 43 57 38 26 29 88 32 33 35 76 86 96 17 59 16 42 63 13 97 81 92 74 54 9 11 40 31 7 82 21 0 71 94 50 55 10 28 14 95 78 65 68 64 45 12 46 89 1 24 51 34 87 58 93 3 79 27 47 15 18 36 70 98
TEST 10 ARG:69 52 48 20 84 62 67 41 75 23 30 83 77 91 44 56 37 85 61 6 72 60 66 90 8 4 53 99 22 5 80 49 2 39 25 73 19 43 57 38 26 29 88 32 33 35 76 86 96 17 59 16 42 63 13 97 81 92 74 54 9 11 40 31 7 82 21 0 71 94 50 55 10 28 14 95 78 65 68 64 45 12 46 89 1 24 51 34 87 58 93 3 79 27 47 15 18 36 70 98
TEST 11 ARG:8 27 75 3 59 80 44 63 35 68 20 61 5 52 93 13 42 14 67 22 46 50 72 69 28 40 65 37 54 91 43 86 90 83 30 81 70 2 74 51 62 19 48 79 85 24 53 6 73 15 21 26 64 41 92 4 34 25 84 23 94 78 39 7 47 17 97 1 89 87 0 88 66 77 82 36 58 57 76 9 18 10 99 12 60 71 38 11 29 31 45 95 55 33 56 32 16 96 98 49
TEST 11 ARG:8 27 75 3 59 80 44 63 35 68 20 61 5 52 93 13 42 14 67 22 46 50 72 69 28 40 65 37 54 91 43 86 90 83 30 81 70 2 74 51 62 19 48 79 85 24 53 6 73 15 21 26 64 41 92 4 34 25 84 23 94 78 39 7 47 17 97 1 89 87 0 88 66 77 82 36 58 57 76 9 18 10 99 12 60 71 38 11 29 31 45 95 55 33 56 32 16 96 98 49
TEST 12 ARG:78 35 22 59 42 76 55 77 11 25 20 84 57 96 0 4 82 37 73 45 46 36 66 92 15 43 5 29 51 19 28 16 31 68 27 60 3 18 99 65 63 81 62 64 7 95 32 1 6 39 33 61 75 23 41 50 72 69 44 80 24 30 40 71 9 56 91 70 90 54 74 14 98 17 89 93 2 52 8 85 97 38 48 26 79 47 21 86 88 10 13 94 53 12 34 83 87 49 67 58
TEST 12 ARG:78 35 22 59 42 76 55 77 11 25 20 84 57 96 0 4 82 37 73 45 46 36 66 92 15 43 5 29 51 19 28 16 31 68 27 60 3 18 99 65 63 81 62 64 7 95 32 1 6 39 33 61 75 23 41 50 72 69 44 80 24 30 40 71 9 56 91 70 90 54 74 14 98 17 89 93 2 52 8 85 97 38 48 26 79 47 21 86 88 10 13 94 53 12 34 83 87 49 67 58
TEST 13 ARG:67 40 96 45 6 31 68 86 3 35 76 99 50 14 73 39 77 18 59 74 20 11 51 26 44 89 71 82 23 83 30 10 27 21 64 58 7 42 9 94 34 75 5 4 88 56 53 24 69 37 70 62 47 60 17 98 25 15 41 61 38 91 19 1 80 2 55 36 49 29 93 90 92 84 66 52 54 79 95 28 63 85 72 13 65 8 57 48 87 22 81 46 12 43 16 78 97 0 32 33
TEST 13 ARG:67 40 96 45 6 31 68 86 3 35 76 99 50 14 73 39 77 18 59 74 20 11 51 26 44 89 71 82 23 83 30 10 27 21 64 58 7 42 9 94 34 75 5 4 88 56 53 24 69 37 70 62 47 60 17 98 25 15 41 61 38 91 19 1 80 2 55 36 49 29 93 90 92 84 66 52 54 79 95 28 63 85 72 13 65 8 57 48 87 22 81 46 12 43 16 78 97 0 32 33
TEST 14 ARG:62 49 15 97 29 57 4 85 52 8 47 77 12 87 98 6 69 96 7 71 32 76 21 13 1 30 66 23 65 72 64 70 81 39 45 79 78 9 0 84 75 28 38 18 91 55 90 16 42 89 19 3 44 67 53 31 92 35 61 48 99 95 20 50 17 86 22 36 93 68 51 33 26 41 11 63 60 54 73 40 94 37 80 59 2 27 43 58 25 14 5 82 74 88 46 34 56 24 10 83
TEST 14 ARG:62 49 15 97 29 57 4 85 52 8 47 77 12 87 98 6 69 96 7 71 32 76 21 13 1 30 66 23 65 72 64 70 81 39 45 79 78 9 0 84 75 28 38 18 91 55 90 16 42 89 19 3 44 67 53 31 92 35 61 48 99 95 20 50 17 86 22 36 93 68 51 33 26 41 11 63 60 54 73 40 94 37 80 59 2 27 43 58 25 14 5 82 74 88 46 34 56 24 10 83
TEST 15 ARG:38 18 88 24 32 2 69 6 62 25 97 70 1 74 84 40 58 34 30 64 75 10 98 63 76 22 3 91 21 54 13 14 57 48 96 80 46 15 8 36 19 93 61 28 37 55 59 72 52 26 39 17 29 35 82 4 86 41 7 68 81 78 20 45 60 56 92 73 47 83 11 43 53 33 85 44 79 71 27 67 89 12 90 49 42 66 50 9 65 23 95 16 5 94 99 31 77 87 51 0
TEST 15 ARG:38 18 88 24 32 2 69 6 62 25 97 70 1 74 84 40 58 34 30 64 75 10 98 63 76 22 3 91 21 54 13 14 57 48 96 80 46 15 8 36 19 93 61 28 37 55 59 72 52 26 39 17 29 35 82 4 86 41 7 68 81 78 20 45 60 56 92 73 47 83 11 43 53 33 85 44 79 71 27 67 89 12 90 49 42 66 50 9 65 23 95 16 5 94 99 31 77 87 51 0
TEST 16 ARG:74 82 12 99 13 78 69 95 16 3 18 22 46 89 62 50 11 24 17 31 58 96 5 59 35 98 56 0 42 92 85 32 55 7 15 84 67 81 88 45 65 72 54 73 30 19 25 48 4 47 36 44 86 53 63 64 39 10 1 43 80 66 20 28 8 91 60 76 51 9 90 87 29 94 14 83 33 77 52 40 26 97 49 57 27 2 70 41 68 23 38 93 71 21 61 34 75 37 6 79
TEST 16 ARG:74 82 12 99 13 78 69 95 16 3 18 22 46 89 62 50 11 24 17 31 58 96 5 59 35 98 56 0 42 92 85 32 55 7 15 84 67 81 88 45 65 72 54 73 30 19 25 48 4 47 36 44 86 53 63 64 39 10 1 43 80 66 20 28 8 91 60 76 51 9 90 87 29 94 14 83 33 77 52 40 26 97 49 57 27 2 70 41 68 23 38 93 71 21 61 34 75 37 6 79
TEST 17 ARG:95 11 58 94 92 91 18 7 6 51 66 20 54 38 5 82 44 81 4 86 89 88 69 25 45 84 59 90 76 24 33 57 56 16 53 96 75 48 60 79 12 93 47 31 78 22 21 73 28 85 1 32 34 35 99 65 17 68 98 50 70 63 43 3 8 41 10 71 64 15 61 2 49 14 40 77 26 67 13 29 39 74 19 23 30 27 97 52 36 87 80 0 42 9 83 55 37 62 72 46
TEST 17 ARG:95 11 58 94 92 91 18 7 6 51 66 20 54 38 5 82 44 81 4 86 89 88 69 25 45 84 59 90 76 24 33 57 56 16 53 96 75 48 60 79 12 93 47 31 78 22 21 73 28 85 1 32 34 35 99 65 17 68 98 50 70 63 43 3 8 41 10 71 64 15 61 2 49 14 40 77 26 67 13 29 39 74 19 23 30 27 97 52 36 87 80 0 42 9 83 55 37 62 72 46
TEST 18 ARG:91 1 39 77 44 80 56 93 99 79 5 17 37 7 66 94 8 76 55 14 75 71 23 9 41 54 62 47 0 73 12 49 16 52 70 53 40 63 3 83 25 87 21 2 26 32 36 29 19 27 28 81 95 82 58 15 45 60 78 89 46 6 68 35 57 13 72 69 85 33 64 48 84 4 90 30 96 74 38 65 88 11 51 67 92 97 18 20 31 86 22 61 59 50 10 98 43 42 24 34
TEST 18 ARG:91 1 39 77 44 80 56 93 99 79 5 17 37 7 66 94 8 76 55 14 75 71 23 9 41 54 62 47 0 73 12 49 16 52 70 53 40 63 3 83 25 87 21 2 26 32 36 29 19 27 28 81 95 82 58 15 45 60 78 89 46 6 68 35 57 13 72 69 85 33 64 48 84 4 90 30 96 74 38 65 88 11 51 67 92 97 18 20 31 86 22 61 59 50 10 98 43 42 24 34
TEST 19 ARG:81 93 49 19 4 42 60 1 52 77 99 40 89 64 50 79 35 38 12 25 92 33 84 2 55 7 87 44 59 53 57 16 51 71 27 72 5 6 46 14 95 3 13 15 36 61 29 76 20 18 39 65 48 28 31 34 86 80 90 54 75 43 98 47 63 22 68 69 21 94 58 66 26 37 9 96 67 82 11 70 10 8 83 0 78 32 73 23 56 62 97 41 30 24 88 85 45 17 91 74
TEST 19 ARG:81 93 49 19 4 42 60 1 52 77 99 40 89 64 50 79 35 38 12 25 92 33 84 2 55 7 87 44 59 53 57 16 51 71 27 72 5 6 46 14 95 3 13 15 36 61 29 76 20 18 39 65 48 28 31 34 86 80 90 54 75 43 98 47 63 22 68 69 21 94 58 66 26 37 9 96 67 82 11 70 10 8 83 0 78 32 73 23 56 62 97 41 30 24 88 85 45 17 91 74
TEST 20 ARG:28 69 42 71 66 50 80 58 76 62 1 40 15 87 59 72 11 26 82 37 73 60 13 64 84 3 5 90 63 19 2 43 75 93 27 32 91 44 29 78 34 41 55 18 48 99 9 23 52 0 7 45 94 54 89 24 85 6 61 49 33 16 81 92 25 86 95 57 12 98 31 77 65 20 21 17 8 53 47 36 35 51 79 67 22 70 4 30 83 74 97 10 96 68 38 39 46 88 56 14
TEST 20 ARG:28 69 42 71 66 50 80 58 76 62 1 40 15 87 59 72 11 26 82 37 73 60 13 64 84 3 5 90 63 19 2 43 75 93 27 32 91 44 29 78 34 41 55 18 48 99 9 23 52 0 7 45 94 54 89 24 85 6 61 49 33 16 81 92 25 86 95 57 12 98 31 77 65 20 21 17 8 53 47 36 35 51 79 67 22 70 4 30 83 74 97 10 96 68 38 39 46 88 56 14
TEST 21 ARG:67 42 10 97 6 58 8 57 88 85 24 53 0 71 96 76 48 70 56 50 46 47 28 45 54 3 26 37 79 29 89 2 1 68 17 49 90 60 15 52 22 66 91 73 25 4 18 39 21 13 32 12 65 99 35 98 95 82 27 34 31 40 41 87 92 5 19 59 20 30 72 16 78 93 55 83 74 94 84 63 75 61 44 33 62 80 7 14 43 9 69 51 86 11 64 38 23 77 81 36
TEST 21 ARG:67 42 10 97 6 58 8 57 88 85 24 53 0 71 96 76 48 70 56 50 46 47 28 45 54 3 26 37 79 29 89 2 1 68 17 49 90 60 15 52 22 66 91 73 25 4 18 39 21 13 32 12 65 99 35 98 95 82 27 34 31 40 41 87 92 5 19 59 20 30 72 16 78 93 55 83 74 94 84 63 75 61 44 33 62 80 7 14 43 9 69 51 86 11 64 38 23 77 81 36
TEST 22 ARG:46 68 0 18 6 88 47 38 40 91 42 19 13 61 37 48 21 7 60 86 26 63 32 87 12 62 66 50 14 34 53 75 43 82 73 84 4 69 56 80 16 59 52 58 1 72 22 93 90 65 5 35 23 29 2 8 98 45 94 28 9 83 11 33 81 10 78 77 30 67 71 70 25 64 51 74 44 79 15 39 76 54 20 57 99 49 27 3 95 89 36 31 17 24 92 96 97 85 55 41
TEST 22 ARG:46 68 0 18 6 88 47 38 40 91 42 19 13 61 37 48 21 7 60 86 26 63 32 87 12 62 66 50 14 34 53 75 43 82 73 84 4 69 56 80 16 59 52 58 1 72 22 93 90 65 5 35 23 29 2 8 98 45 94 28 9 83 11 33 81 10 78 77 30 67 71 70 25 64 51 74 44 79 15 39 76 54 20 57 99 49 27 3 95 89 36 31 17 24 92 96 97 85 55 41
TEST 23 ARG:85 60 28 75 98 8 16 41 20 25 24 62 76 99 68 15 26 57 87 86 90 3 9 66 1 91 93 46 55 71 79 80 21 43 97 13 27 47 88 37 51 48 6 40 32 17 34 52 23 84 11 61 31 50 95 64 56 73 7 5 42 89 44 2 45 72 35 53 70 92 36 38 96 94 14 65 74 54 12 82 18 4 10 30 78 49 22 33 0 29 59 67 39 69 58 77 63 83 81 19
TEST 23 ARG:85 60 28 75 98 8 16 41 20 25 24 62 76 99 68 15 26 57 87 86 90 3 9 66 1 91 93 46 55 71 79 80 21 43 97 13 27 47 88 37 51 48 6 40 32 17 34 52 23 84 11 61 31 50 95 64 56 73 7 5 42 89 44 2 45 72 35 53 70 92 36 38 96 94 14 65 74 54 12 82 18 4 10 30 78 49 22 33 0 29 59 67 39 69 58 77 63 83 81 19
TEST 24 ARG:73 41 15 19 24 92 54 5 86 70 58 0 76 50 39 13 67 53 25 90 63 18 52 65 11 80 22 61 56 91 1 12 36 85 81 62 43 7 34 47 77 83 37 32 51 48 99 97 96 71 6 60 55 4 49 88 29 57 16 94 2 3 9 69 17 59 28 33 78 72 14 89 21 23 30 44 93 27 35 74 66 45 42 75 8 82 68 87 98 26 31 64 46 40 84 38 79 20 10 95
TEST 24 ARG:73 41 15 19 24 92 54 5 86 70 58 0 76 50 39 13 67 53 25 90 63 18 52 65 11 80 22 61 56 91 1 12 36 85 81 62 43 7 34 47 77 83 37 32 51 48 99 97 96 71 6 60 55 4 49 88 29 57 16 94 2 3 9 69 17 59 28 33 78 72 14 89 21 23 30 44 93 27 35 74 66 45 42 75 8 82 68 87 98 26 31 64 46 40 84 38 79 20 10 95
TEST 25 ARG:23 77 96 52 5 25 26 76 82 94 37 33 67 46 47 75 68 28 43 85 36 93 21 10 18 86 40 13 42 31 74 71 97 8 84 99 6 1 54 20 38 11 29 48 2 83 88 12 79 89 45 39 69 30 91 44 57 60 58 35 65 55 63 49 15 64 90 98 66 41 4 62 61 72 9 70 14 92 59 81 73 56 27 17 50 78 34 19 32 0 16 87 22 3 53 95 80 7 51 24
TEST 25 ARG:23 77 96 52 5 25 26 76 82 94 37 33 67 46 47 75 68 28 43 85 36 93 21 10 18 86 40 13 42 31 74 71 97 8 84 99 6 1 54 20 38 11 29 48 2 83 88 12 79 89 45 39 69 30 91 44 57 60 58 35 65 55 63 49 15 64 90 98 66 41 4 62 61 72 9 70 14 92 59 81 73 56 27 17 50 78 34 19 32 0 16 87 22 3 53 95 80 7 51 24
TEST 26 ARG:65 91 2 82 1 31 67 50 0 38 43 57 18 21 73 28 23 19 30 59 22 12 53 76 20 46 56 54 35 93 9 78 13 26 27 41 74 51 32 70 79 71 8 72 80 29 14 88 61 87 60 17 45 83 66 58 6 90 52 39 36 34 5 89 49 99 47 55 85 7 24 95 64 4 25 62 98 16 44 33 84 92 75 96 69 37 10 3 86 63 77 42 97 48 11 15 68 40 94 81
TEST 26 ARG:65 91 2 82 1 31 67 50 0 38 43 57 18 21 73 28 23 19 30 59 22 12 53 76 20 46 56 54 35 93 9 78 13 26 27 41 74 51 32 70 79 71 8 72 80 29 14 88 61 87 60 17 45 83 66 58 6 90 52 39 36 34 5 89 49 99 47 55 85 7 24 95 64 4 25 62 98 16 44 33 84 92 75 96 69 37 10 3 86 63 77 42 97 48 11 15 68 40 94 81
TEST 27 ARG:86 95 28 20 49 33 40 10 88 12 87 61 64 80 48 69 59 98 2 55 32 52 67 74 89 39 96 38 16 11 34 56 43 31 46 3 17 78 77 22 36 75 37 83 66 54 71 99 57 30 70 58 5 97 91 29 13 85 94 84 50 65 90 44 27 6 35 51 14 9 76 45 82 42 23 0 93 26 60 68 18 79 73 8 19 25 15 24 62 53 1 81 63 47 92 41 21 7 72 4
TEST 27 ARG:86 95 28 20 49 33 40 10 88 12 87 61 64 80 48 69 59 98 2 55 32 52 67 74 89 39 96 38 16 11 34 56 43 31 46 3 17 78 77 22 36 75 37 83 66 54 71 99 57 30 70 58 5 97 91 29 13 85 94 84 50 65 90 44 27 6 35 51 14 9 76 45 82 42 23 0 93 26 60 68 18 79 73 8 19 25 15 24 62 53 1 81 63 47 92 41 21 7 72 4
TEST 28 ARG:92 96 79 40 20 51 59 77 23 85 89 76 17 58 44 1 71 7 46 24 91 3 36 54 72 4 13 12 39 50 62 80 75 93 29 0 15 47 67 97 22 35 34 88 6 18 82 64 41 83 95 8 90 99 74 94 49 26 19 60 43 32 53 86 33 45 16 66 21 84 87 30 81 69 52 65 56 38 55 37 11 10 98 78 28 9 27 2 14 70 73 48 63 25 31 42 68 5 57 61
TEST 28 ARG:92 96 79 40 20 51 59 77 23 85 89 76 17 58 44 1 71 7 46 24 91 3 36 54 72 4 13 12 39 50 62 80 75 93 29 0 15 47 67 97 22 35 34 88 6 18 82 64 41 83 95 8 90 99 74 94 49 26 19 60 43 32 53 86 33 45 16 66 21 84 87 30 81 69 52 65 56 38 55 37 11 10 98 78 28 9 27 2 14 70 73 48 63 25 31 42 68 5 57 61
TEST 29 ARG:79 27 16 17 57 44 68 9 88 80 23 55 47 2 1 60 58 18 37 43 7 62 21 36 64 48 51 98 8 69 20 6 10 93 95 11 54 33 67 85 84 40 30 32 86 25 49 26 72 35 46 83 3 73 15 70 42 90 34 12 14 41 74 56 99 77 59 71 13 94 39 19 31 82 81 65 76 52 29 87 61 66 96 22 63 75 53 97 50 89 91 78 38 4 92 45 28 24 0 5
TEST 29 ARG:79 27 16 17 57 44 68 9 88 80 23 55 47 2 1 60 58 18 37 43 7 62 21 36 64 48 51 98 8 69 20 6 10 93 95 11 54 33 67 85 84 40 30 32 86 25 49 26 72 35 46 83 3 73 15 70 42 90 34 12 14 41 74 56 99 77 59 71 13 94 39 19 31 82 81 65 76 52 29 87 61 66 96 22 63 75 53 97 50 89 91 78 38 4 92 45 28 24 0 5
TEST 30 ARG:67 12 43 11 50 56 72 18 60 66 81 68 0 30 59 24 40 62 13 31 28 44 70 25 47 61 99 23 42 87 92 49 96 8 26 19 84 48 52 46 77 76 10 55 33 73 1 65 9 74 64 2 37 4 3 32 71 39 69 7 6 34 86 88 57 38 15 54 94 85 97 95 21 63 90 58 80 91 53 98 93 75 16 22 41 83 89 79 78 29 20 14 45 36 5 51 82 17 35 27
TEST 30 ARG:67 12 43 11 50 56 72 18 60 66 81 68 0 30 59 24 40 62 13 31 28 44 70 25 47 61 99 23 42 87 92 49 96 8 26 19 84 48 52 46 77 76 10 55 33 73 1 65 9 74 64 2 37 4 3 32 71 39 69 7 6 34 86 88 57 38 15 54 94 85 97 95 21 63 90 58 80 91 53 98 93 75 16 22 41 83 89 79 78 29 20 14 45 36 5 51 82 17 35 27
TEST 31 ARG:65 52 15 39 13 64 83 40 79 74 27 36 42 16 70 37 3 38 54 10 86 95 94 22 28 1 73 32 75 34 20 90 82 30 11 99 55 24 59 21 69 63 26 9 72 85 89 67 29 50 78 49 77 88 25 23 5 45 97 18 96 47 44 57 46 80 71 62 2 53 31 93 43 0 41 35 76 19 14 7 60 84 92 56 66 58 17 81 61 98 8 68 48 33 51 91 6 12 87 4
TEST 32 ARG:90 8 22 97 47 94 54 50 32 12 60 39 19 38 42 89 36 87 96 57 55 52 27 71 28 44 78 45 26 10 37 73 4 2 16 53 86 84 49 72 35 93 3 99 5 82 79 0 41 51 77 98 74 95 65 24 46 14 20 76 17 61 6 25 66 69 75 59 68 23 70 31 7 48 33 30 83 81 15 88 21 67 58 80 13 40 9 43 91 63 92 18 62 56 11 34 29 1 64 85
TEST 32 ARG:90 8 22 97 47 94 54 50 32 12 60 39 19 38 42 89 36 87 96 57 55 52 27 71 28 44 78 45 26 10 37 73 4 2 16 53 86 84 49 72 35 93 3 99 5 82 79 0 41 51 77 98 74 95 65 24 46 14 20 76 17 61 6 25 66 69 75 59 68 23 70 31 7 48 33 30 83 81 15 88 21 67 58 80 13 40 9 43 91 63 92 18 62 56 11 34 29 1 64 85
TEST 33 ARG:11 81 17 23 66 72 34 70 0 24 12 98 9 33 27 96 74 4 92 93 84 88 25 94 43 91 3 18 49 73 10 77 41 29 57 5 39 46 30 53 76 31 64 37 78 7 56 62 52 40 59 67 58 8 85 95 48 86 45 89 36 97 14 2 79 21 69 68 1 80 54 71 60 55 19 90 26 65 22 47 32 42 75 50 6 51 20 99 87 16 61 38 35 28 15 83 63 44 82 13
TEST 33 ARG:11 81 17 23 66 72 34 70 0 24 12 98 9 33 27 96 74 4 92 93 84 88 25 94 43 91 3 18 49 73 10 77 41 29 57 5 39 46 30 53 76 31 64 37 78 7 56 62 52 40 59 67 58 8 85 95 48 86 45 89 36 97 14 2 79 21 69 68 1 80 54 71 60 55 19 90 26 65 22 47 32 42 75 50 6 51 20 99 87 16 61 38 35 28 15 83 63 44 82 13
TEST 34 ARG:18 4 68 24 92 70 29 2 9 45 30 65 16 89 7 22 98 60 61 14 49 82 63 27 41 96 11 57 76 81 67 15 47 97 36 58 55 71 66 37 31 78 91 19 51 84 10 38 77 59 87 73 99 54 85 21 35 74 79 6 86 39 28 56 64 52 88 5 40 50 12 90 80 94 72 8 23 93 62 1 17 83 0 13 32 20 69 53 25 43 44 26 3 75 48 95 34 46 33 42
TEST 34 ARG:18 4 68 24 92 70 29 2 9 45 30 65 16 89 7 22 98 60 61 14 49 82 63 27 41 96 11 57 76 81 67 15 47 97 36 58 55 71 66 37 31 78 91 19 51 84 10 38 77 59 87 73 99 54 85 21 35 74 79 6 86 39 28 56 64 52 88 5 40 50 12 90 80 94 72 8 23 93 62 1 17 83 0 13 32 20 69 53 25 43 44 26 3 75 48 95 34 46 33 42
TEST 35 ARG:16 18 93 57 13 41 52 75 35 46 12 80 67 22 97 15 17 45 85 73 42 8 27 25 96 58 37 84 6 1 20 39 44 61 28 82 31 62 40 21 56 79 64 24 47 81 33 68 34 72 49 77 83 98 0 88 29 14 43 92 51 66 69 55 74 3 65 54 59 90 32 53 19 7 99 4 76 30 89 10 78 2 23 48 95 91 38 36 26 63 71 94 50 9 87 5 60 86 70 11
TEST 35 ARG:16 18 93 57 13 41 52 75 35 46 12 80 67 22 97 15 17 45 85 73 42 8 27 25 96 58 37 84 6 1 20 39 44 61 28 82 31 62 40 21 56 79 64 24 47 81 33 68 34 72 49 77 83 98 0 88 29 14 43 92 51 66 69 55 74 3 65 54 59 90 32 53 19 7 99 4 76 30 89 10 78 2 23 48 95 91 38 36 26 63 71 94 50 9 87 5 60 86 70 11
TEST 36 ARG:54 98 72 30 13 32 61 26 89 36 10 15 34 93 96 85 69 63 9 24 22 14 90 21 91 46 8 7 17 35 74 55 80 62 31 82 78 87 40 73 68 79 18 5 53 11 56 94 83 33 75 3 41 4 57 19 6 70 64 86 58 12 45 27 38 65 76 60 16 37 44 0 28 49 77 92 48 50 25 84 71 81 99 2 67 43 1 47 23 39 52 59 97 95 42 66 29 20 88 51
TEST 36 ARG:54 98 72 30 13 32 61 26 89 36 10 15 34 93 96 85 69 63 9 24 22 14 90 21 91 46 8 7 17 35 74 55 80 62 31 82 78 87 40 73 68 79 18 5 53 11 56 94 83 33 75 3 41 4 57 19 6 70 64 86 58 12 45 27 38 65 76 60 16 37 44 0 28 49 77 92 48 50 25 84 71 81 99 2 67 43 1 47 23 39 52 59 97 95 42 66 29 20 88 51
TEST 37 ARG:65 41 88 0 24 78 73 14 66 76 7 42 10 95 12 67 36 37 55 20 80 53 82 91 59 69 32 99 52 50 77 15 16 29 94 48 84 13 85 47 34 39 98 97 51 23 19 40 92 49 2 79 89 54 57 33 96 75 26 43 38 4 31 9 11 17 74 1 62 56 87 93 27 28 3 21 63 44 68 71 86 6 18 8 60 90 45 83 58 72 35 61 46 70 64 30 25 5 81 22
TEST 37 ARG:65 41 88 0 24 78 73 14 66 76 7 42 10 95 12 67 36 37 55 20 80 53 82 91 59 69 32 99 52 50 77 15 16 29 94 48 84 13 85 47 34 39 98 97 51 23 19 40 92 49 2 79 89 54 57 33 96 75 26 43 38 4 31 9 11 17 74 1 62 56 87 93 27 28 3 21 63 44 68 71 86 6 18 8 60 90 45 83 58 72 35 61 46 70 64 30 25 5 81 22
TEST 38 ARG:40 78 19 56 36 71 95 74 0 59 82 27 42 8 41 7 46 10 81 30 99 15 87 65 31 43 94 6 61 84 13 24 16 80 68 72 50 93 97 63 51 32 38 45 64 86 20 9 48 37 70 77 92 49 91 29 12 62 85 5 44 75 14 34 26 22 25 53 2 47 83 66 88 90 1 23 58 17 39 33 57 11 67 4 21 18 3 52 98 96 28 54 73 69 79 55 35 60 89 76
TEST 38 ARG:40 78 19 56 36 71 95 74 0 59 82 27 42 8 41 7 46 10 81 30 99 15 87 65 31 43 94 6 61 84 13 24 16 80 68 72 50 93 97 63 51 32 38 45 64 86 20 9 48 37 70 77 92 49 91 29 12 62 85 5 44 75 14 34 26 22 25 53 2 47 83 66 88 90 1 23 58 17 39 33 57 11 67 4 21 18 3 52 98 96 28 54 73 69 79 55 35 60 89 76
TEST 39 ARG:94 6 90 8 15 59 62 36 51 63 48 78 56 29 26 57 12 87 4 27 68 19 10 66 75 20 30 49 92 44 32 39 69 84 58 98 37 86 47 76 64 2 21 50 1 77 9 89 28 18 55 93 70 40 67 33 99 60 53 65 82 79 34 81 97 25 80 7 35 45 71 0 88 95 83 11 13 3 38 91 61 22 52 96 42 43 41 24 74 31 16 46 85 73 72 5 54 17 23 14
TEST 39 ARG:94 6 90 8 15 59 62 36 51 63 48 78 56 29 26 57 12 87 4 27 68 19 10 66 75 20 30 49 92 44 32 39 69 84 58 98 37 86 47 76 64 2 21 50 1 77 9 89 28 18 55 93 70 40 67 33 99 60 53 65 82 79 34 81 97 25 80 7 35 45 71 0 88 95 83 11 13 3 38 91 61 22 52 96 42 43 41 24 74 31 16 46 85 73 72 5 54 17 23 14
TEST 40 ARG:43 38 2 89 15 99 98 29 14 45 69 62 61 36 74 59 17 16 26 51 31 5 23 56 95 0 1 54 87 20 12 94 50 9 8 32 72 27 41 10 24 75 35 40 11 44 86 63 18 25 19 39 13 58 34 64 46 76 57 73 55 52 81 60 97 96 66 82 88 71 91 48 83 68 92 79 28 3 77 65 84 78 33 47 22 85 93 4 21 53 7 67 80 90 70 49 42 30 37 6
TEST 40 ARG:43 38 2 89 15 99 98 29 14 45 69 62 61 36 74 59 17 16 26 51 31 5 23 56 95 0 1 54 87 20 12 94 50 9 8 32 72 27 41 10 24 75 35 40 11 44 86 63 18 25 19 39 13 58 34 64 46 76 57 73 55 52 81 60 97 96 66 82 88 71 91 48 83 68 92 79 28 3 77 65 84 78 33 47 22 85 93 4 21 53 7 67 80 90 70 49 42 30 37 6
TEST 41 ARG:91 5 67 65 96 8 84 90 56 98 74 10 71 28 46 38 25 22 87 47 52 16 63 44 43 85 33 13 41 93 81 50 35 15 29 24 6 57 69 26 83 34 61 14 86 64 94 30 53 72 92 95 9 19 79 45 20 11 39 58 88 78 80 51 97 2 77 31 73 68 75 18 3 48 7 60 59 32 40 54 76 12 55 0 27 4 37 62 49 99 1 36 70 23 89 42 82 21 17 66
TEST 41 ARG:91 5 67 65 96 8 84 90 56 98 74 10 71 28 46 38 25 22 87 47 52 16 63 44 43 85 33 13 41 93 81 50 35 15 29 24 6 57 69 26 83 34 61 14 86 64 94 30 53 72 92 95 9 19 79 45 20 11 39 58 88 78 80 51 97 2 77 31 73 68 75 18 3 48 7 60 59 32 40 54 76 12 55 0 27 4 37 62 49 99 1 36 70 23 89 42 82 21 17 66
TEST 42 ARG:12 3 81 28 53 56 16 41 34 0 63 31 29 71 66 90 49 23 33 87 96 36 50 4 64 39 8 43 48 79 61 44 55 40 74 46 70 86 26 9 97 27 10 67 94 78 75 92 5 30 52 91 22 20 42 69 68 82 62 99 38 84 77 37 80 1 57 72 2 17 65 73 93 98 35 95 24 88 45 21 13 76 15 18 59 54 85 19 11 47 6 25 32 89 60 58 51 83 14 7
TEST 42 ARG:12 3 81 28 53 56 16 41 34 0 63 31 29 71 66 90 49 23 33 87 96 36 50 4 64 39 8 43 48 79 61 44 55 40 74 46 70 86 26 9 97 27 10 67 94 78 75 92 5 30 52 91 22 20 42 69 68 82 62 99 38 84 77 37 80 1 57 72 2 17 65 73 93 98 35 95 24 88 45 21 13 76 15 18 59 54 85 19 11 47 6 25 32 89 60 58 51 83 14 7
